0,469
0,468
68,37
33,109
0,467
33,108
0,466
33,107
33,106
33,105
33,104
33,103
33,102
33,101
33,100
33,99
33,98
33,97
33,96
33,95
33,94
33,93
33,92
33,91
33,90
33,89
33,88
33,87
33,86
33,85
33,84
33,83
33,82
33,81
33,80
68,36
68,35
61,2
61,1
61,0
60,7
60,6
60,5
60,4
60,3
60,2
60,1
60,0
59,6
59,5
59,4
59,3
59,2
59,1
59,0
58,5
58,4
58,3
58,2
58,1
58,0
57,4
57,3
57,2
57,1
57,0
56,9
56,8
56,7
56,6
56,5
56,4
56,3
56,2
56,1
56,0
54,4
54,3
54,2
54,1
20,2
54,0
53,4
53,3
20,1
53,2
53,1
20,3
53,0
52,5
52,4
52,3
52,2
52,1
52,0
51,4
51,3
51,2
51,1
51,0
50,3
50,2
19,2
50,1
19,1
50,0
49,5
49,4
49,3
49,2
19,3
49,1
49,0
48,3
48,2
48,1
48,0
47,5
47,4
47,3
47,2
47,1
47,0
46,7
46,6
46,5
46,4
46,3
46,2
46,1
46,0
45,5
45,4
45,3
45,2
45,1
45,0
44,4
44,3
44,2
44,1
44,0
43,7
43,6
43,5
43,4
43,3
43,2
43,1
43,0
42,4
42,3
42,2
42,1
42,0
41,5
41,4
41,3
41,2
41,1
41,0
40,4
40,3
40,2
40,1
40,0
39,5
39,4
39,3
18,1
39,2
39,1
18,3
14,3
13,1
39,0
